$ 1 0.000005 2.803162489452614 50 5 43
v 48 320 48 224 0 1 60 179 0 0 0.5
169 80 240 208 240 0 4 0.156 0.04653986029173052 3.668398917966442e-12 3.668398917966442e-12 0.99
w 80 240 48 224 0
w 80 304 48 320 0
d 240 240 304 240 2 1N4004
d 240 304 304 240 2 1N4004
d 304 304 240 240 2 1N4004
d 304 304 240 304 2 1N4004
w 304 240 320 240 0
w 304 304 320 304 0
c 320 240 320 304 0 0.00027000000000000006 26.98085063988544
w 320 304 320 384 0
w 320 384 400 384 0
w 320 240 320 144 0
w 320 144 400 144 0
r 400 144 400 240 0 1000
34 zvoltage\q13 0 1.7143528192808883e-7 0 2 13
z 400 384 400 240 2 zvoltage\q13
174 448 240 448 320 1 5000 0.005 Resistance
w 448 384 400 384 0
w 400 240 448 240 0
t 496 208 528 208 0 1 -14.030477839826139 0.7149215767605988 100
w 496 208 464 288 0
w 528 192 528 144 0
w 528 144 400 144 0
r 528 224 528 384 0 120
w 528 384 448 384 0
w 208 240 240 240 0
w 240 304 208 304 0
r 448 336 448 384 0 2200
o 24 64 0 4099 20 0.4 0 2 24 3
o 13 64 0 4099 40 0.4 1 2 13 3
o 20 64 6 4098 40 0.1 2 1
o 16 64 0 4099 20 0.025 3 2 16 3
o 15 64 0 4099 40 0.05 4 2 15 3
o 19 64 0 4099 40 0.0125 5 2 19 3
o 14 64 0 4099 40 0.4 6 2 14 3
